53.644996,56.201745,59.120802,61.235321,63.389694,66.085455,69.079362,72.416051,74.866541,77.380037,79.92629,82.539521,85.141075,87.982869,90.838863,93.227208,95.592997,97.963023,100.38508,102.674812,105.043642,107.713858,110.434413,112.885785,115.843948,118.256021,120.51289,123.568534,126.386869,128.69063,131.678029,134.356139,136.77202,139.025411,141.144227,143.289789,145.248738,146.924944,148.386191,149.856776,151.333552,152.801266,154.265439,155.727833,157.172094,158.57919,159.955152,161.305163,162.64499,163.981458,165.321056,166.68241,168.121013,169.568351,171.016625,172.466656,173.913217,175.36741,176.814271,178.261575,179.710294,181.158049,182.597913,184.01815,185.376306,186.722051,188.060116,189.455913,190.908558,192.362053,193.810476,195.264994,196.714561,198.161351,199.600489,201.041331,202.482862,203.924333,205.378344,206.820448,208.250679,209.641815,210.994107,212.318589,213.63521,214.955622,216.345109,217.760989,219.210101,220.657543,222.104189,223.55184,224.999951,226.451323,227.900209,229.349998,230.797761,232.246994,233.696094,235.142242,236.564675,237.956778,239.312843,240.661851,241.991866,243.318812,244.644462,245.995877,247.420367,248.870971,250.322222,251.771415,253.222781,254.668779,256.117428,257.566416,259.01383,260.466096,261.929348,263.461673,264.914931,266.358886,267.752379,269.109957,270.447465,271.785053,273.138605,274.577543,276.029192,277.480779,278.930676,280.379643,281.825992,283.266757,284.740921,286.203003,287.654098,289.108116,290.559425,292.011639,293.466437,294.920109,296.37872,297.835448,299.287544,300.741748,302.146359,303.503801,304.84256,306.182155,307.521979,308.941104,310.38532,311.833091,313.285642,314.740135,316.188925,317.641695,319.084593,320.526001,321.974082,323.427927,324.881817,326.330943,327.756055,329.125625,330.472798,331.808509,333.139618,334.495004,335.907447,337.357167,338.830491,340.279273,341.720034,343.165647,344.605771,346.050805,347.494247,348.936318,350.350172,351.698657,353.025688,354.366228,355.782754,357.227723,358.674376,360.116496,361.558619,363.00269,364.445335,365.888264,367.331748,368.776369,370.222818,371.65193,373.0071,374.338175,375.724971,377.168099,378.614371,380.059322,381.50327,382.94593,384.388211,385.830345,387.27164,388.71521,390.15848,391.575724,392.947385,394.297705,395.697963,397.152775,398.607904,400.060958,401.515436,402.970549,404.418391,405.866763,407.318041,408.767216,410.229755,411.678913,413.129927,414.566282,415.965346,417.326632,418.67131,420.016801,421.456909,422.909098,424.360814,425.813733,427.26518,428.716331,430.166615,431.616349,433.066096,434.515992,435.965399,437.419163,438.869692,440.292949,441.676922,443.044613,444.396009,445.735945,447.137064,448.585941,450.113444,452.704196,454.834422,456.557447,459.006072,460.609779,463.144908,464.88164,466.682916,468.458269,470.218981,471.86068,473.751733,475.477013,477.232667,479.007759,480.667142,482.55523,484.335656,485.953156,487.688043,490.278707,491.918239,494.070275,496.130097,498.082952,500.541844,502.260601,504.549081,506.553954,508.59998,510.864547,512.473304,515.322092,517.023604,518.787909,520.567551,522.213264,523.934525,525.7687,527.319216,529.992729,531.874008,534.305853,536.629377,538.339408,540.523372,542.168997,544.540854,546.73743,548.954179,551.306525,553.054653,554.828958,556.545645,558.066557,559.751405,561.821725,563.440156,565.189786,566.965847,568.51278,570.896866,573.090372,575.347239,577.789343,579.731749,582.006871,583.428329,584.805452,586.224411,587.706134,589.181553,590.658574,592.133801,593.611177,595.076676,596.543494,597.995483,599.454943,600.92409,602.390374,603.840942,605.263381,606.63324,607.97763,609.318511,610.708504,612.166156,613.620776,615.075936,616.546446,618.006364,619.469413,620.926787,622.382612,623.83829,625.294283,626.748954,628.212075,629.648936,631.027086,632.378706,633.731855,635.136376,636.672366,638.206288,639.797293,641.362544,642.923654,644.4857,645.945581,647.411714,648.878691,650.33439,651.732087,653.098789,654.454018,655.800433,657.151836,658.518154,659.962609,661.421028,662.887901,664.348499,665.814696,667.315612,668.794392,670.258029,671.781956,673.243883,674.708699,676.172522,677.64279,679.107946,680.575685,682.026076,683.420512,684.779437,686.13313,687.482251,688.83081,690.174792,691.579346,693.038982,694.502443,695.964761,697.430227,698.895639,700.351198,701.803839,703.256862,704.711397,706.164529,707.63545,709.112792,710.53453,711.915424,713.272123,714.624132,715.981799,717.409239,718.866209,720.327879,721.790151,723.25404,724.712846,726.165933,727.621231,729.074478,730.527007,731.984973,733.41664,734.817779,736.186628,737.538298,738.875651,740.235822,741.686143,743.149002,744.661898,746.127239,747.587231,749.039539,750.492748,751.946532,753.536079,754.998586,756.463009,757.928637,759.393789,760.83474,762.237071,763.626193,764.995679,766.354735,767.770933,769.225334,770.680895,772.142958,773.600802,775.054881,776.507883,777.971722,779.438598,780.899902,782.362584,783.827049,785.303926,786.793341,788.246577,789.667287,791.081102,792.488337,793.88151,795.295939,796.746953,798.207797,799.664985,801.124866,802.585783,804.044539,805.49845,806.953114,808.40634,809.860292,811.340793,812.84857,814.306785,815.776622,817.291173,818.758728,820.221361,821.684765,823.147272,824.607098,826.015045,827.429764,828.815685,830.196314,831.62991,833.075838,834.537291,836.003859,837.468544,838.934571,840.400678,841.862141,843.322976,844.801452
0.00150445482168937,0.0013678442394518,0.00133391609827216,0.00131965209031248,0.0013113636170119,0.00130545944439664,0.00130071898095352,0.0012966427462251,0.00129299408042227,0.00128964677241816,0.00128652678681007,0.00128358723323796,0.0012807965051036,0.00127813217327866,0.00127557761720531,0.001273120056688,0.00127074934652249,0.00126845720906532,0.00126623672956727,0.00126408201506223,0.00126198795821386,0.00125995007024615,0.00125796436033276,0.00125602724681384,0.00125413549057196,0.00125228614406847,0.00125047651160815,0.00124870411776845,0.00124696668184665,0.00124526209681219,0.00124358841168393,0.00124194381654963,0.00124032662966211,0.00123873528619223,0.0012371683283261,0.00123562439647085,0.00123410222138975,0.00123260061712571,0.00123111847460455,0.00122965475582282,0.00122820848856176,0.00122677876155031,0.00122536472004509,0.00122396556177184,0.00122258053319957,0.00122120892611211,0.00121985007445113,0.00121850335140739,0.00121716816673567,0.00121584396427554,0.00121453021966067,0.00121322643820054,0.00121193215292159,0.00121064692275086,0.00120937033083779,0.00120810198299282,0.00120684150624539,0.00120558854750152,0.00120434277229853,0.00120310386365041,0.00120187152097184,0.00120064545907717,0.00119942540725448,0.00119821110839524,0.00119700231819087,0.00119579880438048,0.00119460034604923,0.00119340673297597,0.00119221776502165,0.00119103325155967,0.00118985301094332,0.00118867687000801,0.00118750466360407,0.00118633623416198,0.00118517143128249,0.00118401011135472,0.00118285213719638,0.00118169737771812,0.00118054570760551,0.00117939700702374,0.00117825116133741,0.00117710806084848,0.00117596760055028,0.00117482967989258,0.00117369420256663,0.00117256107629427,0.00117143021263688,0.0011703015268103,0.00116917493751201,0.00116805036675816,0.00116692773972682,0.0011658069846141,0.00116468803249603,0.00116357081719487,0.0011624552751579,0.00116134134533974,0.00116022896908952,0.00115911809004698,0.00115800865404214,0.00115690060899842,0.00115579390484477,0.00115468849342903,0.00115358432843626,0.00115248136531054,0.00115137956118216,0.00115027887479835,0.00114917926645353,0.00114808069792804,0.00114698313242645,0.00114588653452063,0.00114479087009256,0.00114369610628406,0.00114260221144491,0.00114150915508526,0.00114041690782951,0.00113932544137318,0.00113823472844032,0.00113714474274351,0.00113605545894657,0.00113496685262593,0.00113387890023775,0.00113279157908242,0.00113170486727299,0.0011306187437059,0.00112953318802811,0.0011284481806122,0.00112736370252753,0.0011262797355136,0.00112519626195695,0.00112411326486583,0.0011230307278467,0.00112194863508419,0.00112086697131764,0.00111978572182281,0.00111870487238974,0.00111762440930763,0.00111654431934216,0.00111546458972311,0.00111438520812346,0.0011133061626456,0.00111222744180539,0.00111114903451792,0.00111007093008153,0.00110899311816626,0.00110791558879875,0.00110683833235115,0.00110576133952733,0.00110468460135227,0.00110360810915999,0.00110253185458298,0.00110145582954235,0.00110038002623636,0.00109930443713102,0.00109822905495127,0.00109715387267206,0.00109607888350816,0.00109500408090746,0.0010939294585417,0.00109285501029976,0.00109178073027927,0.00109070661277855,0.00108963265229223,0.0010885588435019,0.00108748518127033,0.00108641166063617,0.00108533827680679,0.00108426502515258,0.00108319190120243,0.00108211890063625,0.00108104601928183,0.0010799732531086,0.00107890059822235,0.0010778280508621,0.00107675560739384,0.00107568326430796,0.00107461101821338,0.00107353886583317,0.00107246680400319,0.00107139482966589,0.0010703229398672,0.00106925113175338,0.00106817940256709,0.00106710774964514,0.00106603617041312,0.00106496466238593,0.00106389322316014,0.00106282185041584,0.00106175054190993,0.00106067929547615,0.00105960810902106,0.00105853698052272,0.00105746590802624,0.00105639488964426,0.00105532392355201,0.00105425300798734,0.00105318214124672,0.00105211132168481,0.00105104054771177,0.00104996981779104,0.00104889913043849,0.00104782848421969,0.00104675787774866,0.0010456873096869,0.00104461677873946,0.0010435462836571,0.00104247582323103,0.00104140539629416,0.00104033500171896,0.00103926463841475,0.00103819430532903,0.00103712400144396,0.00103605372577631,0.0010349834773753,0.00103391325532387,0.00103284305873386,0.00103177288674861,0.00103070273853945,0.00102963261330613,0.00102856251027506,0.00102749242869837,0.00102642236785444,0.00102535232704515,0.00102428230559637,0.00102321230285574,0.00102214231819442,0.00102107235100313,0.00102000240069389,0.00101893246669915,0.00101786254846958,0.00101679264547405,0.00101572275720097,0.00101465288315339,0.00101358302285393,0.00101251317583939,0.00101144334166259,0.00101037351989142,0.00100930371010888,0.00100823391191174,0.0010071641249092,0.00100609434872512,0.00100502458299578,0.00100395482736904,0.00100288508150514,0.00100181534507549,0.00100074561776253,0.000999675899259422,0.00099860618927039,0.000997536487508555,0.000996466793697248,0.000995397107568685,0.00099432742886485,0.000993257757335719,0.00099218809273971,0.000991118434844118,0.000990048783422903,0.000988979138258461,0.000987909499140738,0.000986839865865896,0.000985770238237205,0.000984700616065037,0.000983630999165985,0.000982561387362413,0.000981491780482902,0.00098042217836225,0.000979352580839699,0.000978282987760704,0.000977213398976495,0.000976143814341413,0.000975074233716899,0.000974004656967953,0.000972935083964011,0.000971865514578951,0.000970795948691094,0.000969726386182757,0.000968656826940695,0.000967587270854775,0.000966517717818416,0.000965448167729921,0.00096437862048937,0.000963309076001728,0.000962239534173293,0.000961169994916133,0.000960100458142321,0.000959030923769255,0.000957961391715667,0.000956891861903841,0.000955822334258283,0.000954752808706605,0.000953683285177309,0.000952613763603782,0.000951544243918967,0.000950474726059802,0.000949405209965448,0.000948335695575508,0.000947266182833584,0.000946196671684163,0.000945127162073067,0.000944057653949226,0.000942988147262014,0.000941918641963468,0.000940849138006961,0.000939779635347637,0.00093871013394109,0.000937640633746017,0.00093657113472112,0.000935501636826874,0.000934432140025976,0.000933362644281122,0.000932293149557228,0.000931223655819657,0.000930154163035546,0.000929084671172475,0.00092801518019936,0.000926945690086889,0.000925876200805753,0.000924806712327531,0.000923737224626464,0.000922667737675464,0.000921598251449218,0.000920528765924189,0.000919459281075952,0.000918389796882302,0.000917320313321035,0.000916250830370835,0.000915181348011274,0.000914111866222811,0.000913042384985463,0.000911972904281466,0.000910903424092613,0.000909833944401583,0.000908764465191503,0.000907694986446383,0.000906625508150682,0.000905556030288857,0.000904486552846695,0.000903417075810431,0.000902347599165854,0.000901278122900084,0.000900208647000245,0.0008991391714539,0.000898069696249948,0.000897000221375954,0.000895930746821261,0.000894861272575209,0.000893791798627142,0.000892722324967288,0.000891652851585878,0.000890583378473586,0.000889513905621531,0.00088844443302083,0.000887374960663045,0.000886305488540184,0.000885236016643809,0.000884166544966813,0.000883097073502093,0.000882027602241653,0.000880958131179721,0.000879888660308747,0.000878819189622515,0.000877749719115251,0.000876680248780293,0.000875610778612312,0.000874541308605981,0.00087347183875508,0.00087240236905517,0.000871332899500921,0.000870263430087004,0.000869193960809422,0.000868124491662847,0.000867055022643726,0.000865985553747173,0.000864916084969636,0.00086384661630623,0.00086277714775429,0.000861707679308932,0.00086063821096749,0.000859568742725969,0.000858499274581259,0.000857429806529808,0.000856360338568951,0.00085529087069558,0.000854221402906585,0.000853151935198859,0.000852082467570181,0.000851013000017886,0.00084994353253931,0.000848874065131788,0.0008478045977931,0.000846735130521026,0.0008456656633129,0.000844596196167391,0.000843526729081834,0.000842457262054452,0.000841387795083026,0.000840318328166223,0.000839248861301822,0.000838179394488048,0.000837109927723123,0.000836040461005716,0.000834970994334494,0.000833901527707237,0.000832832061122613,0.000831762594579732,0.00083069312807682,0.000829623661612544,0.000828554195185571,0.000827484728795014,0.000826415262439095,0.000825345796117372,0.000824276329828066,0.000823206863570736,0.000822137397343603,0.00082106793114578,0.000819998464976823,0.000818928998835844,0.000817859532721066,0.000816790066632489,0.000815720600568337,0.00081465113452861,0.00081358166851242,0.000812512202518878,0.000811442736546653,0.000810373270596187,0.000809303804665706,0.000808234338755209,0.000807164872863808,0.000806095406990615,0.000805025941135629,0.000803956475297962,0.000802887009476727,0.000801817543671923,0.000800748077882663,0.000799678612108501,0.000798609146348994,0.000797539680603698,0.000796470214872169,0.000795400749153963,0.000794331283448635,0.000793261817755742,0.000792192352074395,0.000791122886405038,0.000790053420747228,0.000788983955099631,0.000787914489463137,0.000786845023836857,0.000785775558219903,0.000784706092613163,0.000783636627015305,0.000782567161426329,0.000781497695846234,0.000780428230274577,0.000779358764710913,0.000778289299155244,0.000777219833607123,0.000776150368066553,0.000775080902533087,0.000774011437006283,0.000772941971486585,0.000771872505973104,0.000770803040465839,0.000769733574965237,0.000768664109469963,0.000767594643980463,0.000766525178496735,0.000765455713018337,0.000764386247545268,0.000763316782077084,0.000762247316614229,0.000761177851155814,0.000760108385701841,0.000759038920252308,0.000757969454807661,0.00075689998936701,0.000755830523929912,0.000754761058497255,0.000753691593068595,0.000752622127643487,0.000751552662221933,0.00075048319680393,0.000749413731389481,0.00074834426597814,0.000747274800569908,0.000746205335165229,0.000745135869763214,0.000744066404364307,0.00074299693896851,0.000741927473575377,0.000740858008184464,0.00073978854279666,0.00073871907741152,0.000737649612028601,0.000736580146648347,0.000735510681270313,0.000734441215894499,0.00073337175052135,0.000732302285149977,0.000731232819780825,0.000730163354413449,0.000729093889048738,0.000728024423685358
58.106634,61.374382,65.199361,68.5749,71.634493,75.131388,78.233383,81.827004,84.992247,87.771726,90.380469,93.289481,95.873509,98.288682,100.920141,103.607072,106.258252,108.637778,111.102324,113.63545,116.166936,118.723857,121.444156,124.016386,126.626709,129.267317,131.884919,134.602686,137.363578,139.94338,141.442321,142.966467,144.553353,146.182509,147.787774,149.380524,150.979006,152.575685,154.148578,155.7273,157.276427,158.810575,160.345403,161.929691,163.523693,165.124281,166.724898,168.325066,169.924073,171.54942,173.146688,174.744492,176.341868,177.928885,179.512972,181.086239,182.654467,184.222661,185.81,187.407171,189.006119,190.610622,192.207924,193.804611,195.404996,197.004143,198.602183,200.200796,201.78766,203.348283,204.891368,206.416092,207.951373,209.539365,211.136697,212.736006,214.33601,215.933344,217.535457,219.132715,220.725225,222.319211,223.917846,225.510516,227.111422,228.694945,230.281671,231.870866,233.460969,235.047718,236.63803,238.236844,239.831551,241.428039,243.025198,244.613854,246.20487,247.782782,249.324676,250.846725,252.371592,253.888132,255.427608,256.996427,258.610289,260.206436,261.80302,263.400339,264.995541,266.593271,268.189849,269.776217,271.36202,272.946028,274.530042,276.116963,277.699942,279.284352,280.870797,282.45458,284.041832,285.630259,287.211221,288.739197,290.238757,291.722206,293.203082,294.678255,296.154949,297.626494,299.102617,300.575279,302.062564,303.610391,305.193797,306.784237,308.374841,309.958241,311.545356,313.133546,314.71987,316.305187,317.89309,319.482104,321.069453,322.653288,324.251632,325.80833,327.340126,328.849608,330.350071,331.845606,333.331523,334.81149,336.305902,337.848608,339.403859,340.993699,342.588001,344.182296,345.77666,347.369007,348.960692,350.556866,352.150735,353.748737,355.346551,356.941695,358.536999,360.172021,361.767015,363.363152,364.96077,366.556934,368.154468,369.754071,371.353407,372.948335,374.534734,376.075155,377.597642,379.11104,380.640718,382.214461,383.814157,385.411613,387.134257,389.07546,390.988609,392.823199,396.082124,397.814964,399.72212,401.550402,403.539731,405.45168,407.218608,409.402033,411.849945,413.558118,415.338367,417.085529,418.918706,421.065667,423.071406,425.634434,428.080224,429.908517,432.208069,433.994826,437.170739,438.961064,442.038695,443.813456,445.712778,447.526937,449.285485,451.636598,453.272837,455.044054,456.814594,458.504272,461.118511,463.32202,465.282423,467.30214,469.082478,470.987276,472.80241,474.712071,476.796522,478.67512,480.496013,483.247511,485.045738,486.908689,488.825739,491.271642,493.68566,495.50582,497.277227,498.896984,500.50906,502.14359,503.744103,505.338857,506.939237,508.53952,510.142281,511.740801,513.345424,514.950826,516.545822,518.166294,519.762512,521.359774,522.954674,524.547745,526.120669,527.657326,529.172767,530.698328,532.203514,533.702499,535.244765,536.81981,538.415988,540.00721,541.590959,543.177856,544.765639,546.351896,547.958081,549.584598,551.179443,552.768738,554.364586,555.958934,557.54841,559.141952,560.734355,562.3227,563.91378,565.504484,567.094833,568.681832,570.257491,571.888497,573.416273,574.94001,576.452978,577.945449,579.434579,580.922451,582.488301,584.078773,585.671696,587.271589,588.869836,590.455802,592.052334,593.647922,595.237291,596.828498,598.420656,600.011994,601.60416,603.197239,604.789462,606.38888,607.989498,609.58692,611.188086,612.786748,614.380926,615.961724,617.519457,619.037095,620.539659,622.030229,623.513366,625.010017,626.500449,627.990098,629.510371,631.086078,632.683414,634.281197,635.880867,637.484012,639.085867,640.691492,642.292146,643.924487,645.529802,647.130822,648.736403,650.336769,651.93448,653.537005,655.139145,656.737232,658.37046,659.981959,661.615359,663.167515,664.705215,666.227936,667.740717,669.254433,670.762494,672.289978,673.850775,675.450932,677.046237,678.637145,680.221589,681.810693,683.401284,684.986935,686.571963,688.160163,689.743741,691.337323,692.934666,694.531293,696.129133,697.728457,699.324317,700.920572,702.519382,704.118253,705.716368,707.308048,708.912482,710.509562,712.075333,713.696706,715.230869,716.81445,718.332644,719.844104,721.3423,722.83575,724.393712,725.97677,727.564674,729.156102,730.749857,732.338883,733.932738,735.529975,737.124665,738.721807,740.31954,741.92154,743.520974,745.120879,746.719296,748.31993,749.922218,751.519529,753.152764,754.772637,756.430647,758.032516,759.633225,761.235066,762.833804,764.465883,766.04562,767.575781,769.089688,770.592529,772.08517,773.577959,775.070622,776.612168,778.206889,779.805136,781.398687,782.996729,784.600867,786.203929,787.803469,789.497747,791.099934,792.702987,794.302384,795.902656,797.503366,799.102389,800.70253,802.30391,803.9046,805.498052,807.088167,808.657481,810.21547,811.753017,813.272105,814.767334,816.259762,817.747825,819.255126,820.761156,822.243928,823.756988,825.340765,826.935943,828.530888,830.179375,831.773824,833.368024,834.964829,836.561257,838.157576,839.745601,841.336036,842.934136,844.531155,846.164092,847.761898,849.358297,850.95386,852.549689,854.139956,855.725942,857.313083,858.902267,860.485746,862.07008,863.649371,865.179923,866.689419,868.196883,869.692459,871.182056,872.668182,874.148482,875.626987,877.142339,878.626507,880.137288,881.718519,883.313245,884.903665,886.749313,888.389108,890.053803,891.781617,893.391047,895.005802,896.623283,898.238575,899.852954,901.459018,903.07378,904.683576,906.293842
0.00156418122534419,0.00148578547012468,0.00146254393007306,0.00145175033813816,0.00144540349740652,0.00144109756688238,0.00143788980870285,0.0014353380045744,0.00143320635636934,0.00143135698332442,0.00142970369790874,0.00142818994011007,0.001426777237584,0.00142543871041845,0.00142415519241945,0.00142291280195339,0.00142170136122299,0.00142051333542481,0.00141934310287795,0.00141818644264502,0.0014170401689193,0.0014159018666362,0.00141476969819498,0.00141364226088969,0.00141251848096813,0.00141139753442099,0.00141027878744859,0.00140916175152572,0.00140804604935463,0.00140693138898929,0.0014058175441094,0.00140470433895246,0.00140359163677273,0.00140247933098658,0.00140136733836638,0.00140025559379975,0.0013991440462453,0.00139803265561333,0.00139692139034731,0.00139581022555424,0.00139469914155077,0.00139358812273649,0.0013924771567142,0.00139136623360647,0.00139025534552184,0.00138914448613514,0.00138803365036244,0.00138692283410391,0.0013858120340422,0.00138470124748258,0.00138359047222947,0.00138247970648697,0.00138136894877938,0.00138025819789078,0.00137914745281398,0.00137803671271142,0.00137692597688499,0.0013758152447485,0.00137470451580946,0.00137359378965041,0.00137248306591786,0.00137137234431028,0.0013702616245701,0.00136915090647527,0.00136804018983527,0.00136692947448447,0.00136581876027941,0.00136470804709532,0.00136359733482205,0.00136248662336458,0.00136137591263852,0.00136026520256882,0.00135915449309065,0.00135804378414495,0.00135693307568019,0.00135582236765064,0.00135471166001455,0.00135360095273596,0.00135249024578066,0.00135137953912023,0.0013502688327276,0.00134915812657832,0.00134804742065153,0.00134693671492769,0.0013458260093886,0.00134471530401914,0.00134360459880378,0.00134249389373009,0.00134138318878652,0.00134027248396107,0.00133916177924487,0.00133805107462859,0.00133694037010379,0.00133582966566381,0.00133471896130066,0.00133360825700901,0.00133249755278264,0.00133138684861667,0.0013302761445062,0.00132916544044681,0.00132805473643449,0.00132694403246569,0.00132583332853731,0.00132472262464534,0.00132361192078756,0.00132250121696176,0.00132139051316438,0.00132027980939453,0.00131916910564911,0.00131805840192678,0.00131694769822577,0.00131583699454429,0.00131472629088147,0.00131361558723508,0.00131250488360424,0.00131139417998805,0.00131028347638562,0.00130917277279519,0.00130806206921674,0.00130695136564851,0.0013058406620905,0.00130472995854181,0.001303619255002,0.00130250855146974,0.00130139784794503,0.00130028714442743,0.00129917644091648,0.00129806573741131,0.00129695503391147,0.00129584433041741,0.00129473362692778,0.00129362292344304,0.00129251221996229,0.00129140151648599,0.00129029081301324,0.00128918010954404,0.00128806940607795,0.00128695870261497,0.0012858479991551,0.00128473729569789,0.00128362659224335,0.00128251588879147,0.00128140518534137,0.00128029448189393,0.00127918377844827,0.00127807307500438,0.00127696237156272,0.00127585166812239,0.00127474096468427,0.00127363026124749,0.00127251955781205,0.00127140885437838,0.00127029815094604,0.00126918744751459,0.00126807674408491,0.00126696604065613,0.00126585533722867,0.00126474463380255,0.00126363393037732,0.00126252322695297,0.00126141252352996,0.00126030182010783,0.0012591911166866,0.00125808041326625,0.00125696970984723,0.00125585900642866,0.00125474830301098,0.00125363759959418,0.00125252689617827,0.00125141619276325,0.00125030548934868,0.00124919478593544,0.00124808408252264,0.00124697337911028,0.00124586267569926,0.00124475197228868,0.00124364126887855,0.00124253056546975,0.00124141986206094,0.00124030915865347,0.001239198455246,0.00123808775183987,0.00123697704843417,0.00123586634502892,0.00123475564162456,0.00123364493822065,0.00123253423481762,0.00123142353141503,0.00123031282801334,0.00122920212461208,0.00122809142121172,0.0012269807178118,0.00122587001441232,0.00122475931101373,0.00122364860761559,0.00122253790421789,0.00122142720082108,0.00122031649742516,0.00121920579402923,0.0012180950906342,0.00121698438724005,0.00121587368384635,0.00121476298045309,0.00121365227706027,0.00121254157366835,0.00121143087027686,0.00121032016688627,0.00120920946349612,0.00120809876010641,0.0012069880567176,0.00120587735332922,0.00120476664994129,0.00120365594655425,0.00120254524316765,0.0012014345397815,0.00120032383639623,0.00119921313301141,0.00119810242962703,0.00119699172624355,0.0011958810228605,0.0011947703194779,0.00119365961609619,0.00119254891271492,0.00119143820933409,0.00119032750595416,0.00118921680257467,0.00118810609919562,0.00118699539581746,0.00118588469243974,0.00118477398906247,0.00118366328568609,0.00118255258231015,0.00118144187893465,0.0011803311755596,0.00117922047218544,0.00117810976881216,0.00117699906543889,0.0011758883620665,0.00117477765869456,0.0011736669553235,0.00117255625195289,0.00117144554858273,0.00117033484521345,0.00116922414184417,0.00116811343847623,0.00116700273510828,0.00116589203174122,0.00116478132837461,0.00116367062500888,0.00116255992164316,0.00116144921827877,0.00116033851491437,0.00115922781155087,0.00115811710818781,0.00115700640482519,0.00115589570146346,0.00115478499810218,0.00115367429474178,0.00115256359138138,0.00115145288802188,0.00115034218466326,0.00114923148130464,0.0011481207779469,0.00114701007459006,0.00114589937123322,0.00114478866787726,0.00114367796452219,0.00114256726116713,0.00114145655781295,0.00114034585445921,0.00113923515110637,0.00113812444775396,0.001137013744402,0.00113590304105093,0.00113479233769986,0.00113368163435013,0.00113257093100039,0.00113146022765154,0.00113034952430313,0.00112923882095561,0.0011281281176081,0.00112701741426191,0.00112590671091573,0.00112479600757043,0.00112368530422557,0.00112257460088117,0.00112146389753764,0.00112035319419457,0.00111924249085238,0.00111813178751019,0.00111702108416889,0.00111591038082848,0.00111479967748807,0.00111368897414854,0.00111257827080991,0.00111146756747127,0.00111035686413352,0.00110924616079666,0.0011081354574598,0.00110702475412383,0.0011059140507883,0.00110480334745366,0.00110369264411947,0.00110258194078572,0.00110147123745286,0.00110036053411999,0.00109924983078846,0.00109813912745693,0.00109702842412629,0.00109591772079609,0.00109480701746678,0.00109369631413747,0.00109258561080949,0.00109147490748152,0.00109036420415443,0.00108925350082778,0.00108814279750158,0.00108703209417627,0.0010859213908514,0.00108481068752697,0.00108369998420343,0.00108258928088034,0.00108147857755769,0.00108036787423593,0.00107925717091462,0.00107814646759374,0.00107703576427376,0.00107592506095422,0.00107481435763512,0.00107370365431692,0.00107259295099915,0.00107148224768183,0.0010703715443654,0.00106926084104897,0.00106815013773387,0.00106703943441877,0.00106592873110456,0.00106481802779079,0.00106370732447791,0.00106259662116548,0.00106148591785349,0.00106037521454194,0.00105926451123128,0.00105815380792107,0.00105704310461174,0.00105593240130242,0.00105482169799398,0.00105371099468643,0.00105260029137932,0.00105148958807266,0.00105037888476645,0.00104926818146112,0.00104815747815623,0.00104704677485179,0.00104593607154824,0.00104482536824513,0.00104371466494246,0.00104260396164024,0.00104149325833891,0.00104038255503847,0.00103927185173802,0.00103816114843847,0.0010370504451398,0.00103593974184113,0.00103482903854335,0.00103371833524601,0.00103260763194957,0.00103149692865312,0.001030386225358,0.00102927552206289,0.00102816481876866,0.00102705411547488,0.00102594341218154,0.00102483270888909,0.00102372200559708,0.00102261130230596,0.00102150059901529,0.00102038989572506,0.00101927919243527,0.00101816848914638,0.00101705778585792,0.00101594708256991,0.00101483637928279,0.00101372567599611,0.00101261497270988,0.00101150426942453,0.00101039356613963,0.00100928286285518,0.00100817215957161,0.00100706145628848,0.0010059507530058,0.00100484004972357,0.00100372934644222,0.00100261864316176,0.0010015079398813,0.00100039723660172,0.000999286533322596,0.000998175830044357,0.000997065126766117,0.000995954423489209,0.000994843720212302,0.000993733016936282,0.000992622313660707,0.00099151161038602,0.000990400907111333,0.000989290203837534,0.000988179500564623,0.000987068797291712,0.000985958094020134,0.000984847390748556,0.000983736687477865,0.000982625984207619,0.000981515280937817,0.000980404577668903,0.000979293874400433,0.000978183171132407,0.00097707246786527,0.000975961764598576,0.000974851061332327,0.000973740358066966,0.000972629654801604,0.000971518951537576,0.000970408248273547,0.000969297545010406,0.000968186841747709,0.000967076138485901,0.000965965435224536,0.000964854731963616,0.00096374402870314,0.000962633325443552,0.000961522622184408,0.000960411918926152,0.00095930121566834,0.000958190512410972,0.000957079809154049,0.000955969105898014,0.000954858402642422,0.000953747699387275,0.000952636996133016,0.000951526292879201,0.000950415589626274,0.000949304886373348,0.000948194183121309,0.000947083479870159,0.000945972776619008,0.000944862073368746,0.000943751370119372,0.000942640666869998,0.000941529963621512,0.000940419260373471,0.000939308557126317,0.000938197853879608,0.000937087150633342,0.000935976447387965,0.000934865744143032,0.000933755040898543,0.000932644337654498,0.000931533634411341,0.000930422931168629,0.000929312227926804,0.000928201524685424,0.000927090821444487,0.000925980118203995,0.000924869414964391,0.000923758711725231,0.000922648008486959,0.000921537305248687,0.000920426602011304,0.000919315898774808,0.000918205195538757,0.00091709449230315,0.000915983789067987,0.000914873085833268,0.000913762382599881,0.000912651679366494,0.000911540976133995,0.000910430272901497,0.00090931956967033,0.000908208866439164,0.000907098163208886,0.000905987459979496,0.000904876756750106,0.000903766053521604,0.000902655350293546,0.000901544647066377,0.000900433943839651,0.00089932324061337,0.000898212537387977,0.000897101834162584,0.000895991130938523,0.000894880427714462,0.000893769724491289,0.00089265902126856,0.000891548318046276,0.000890437614824879,0.000889326911603927,0.000888216208383863,0.000887105505164243,0.000885994801944623,0.000884884098726335
36.756304,38.841838,40.482925,43.70354,45.507375,48.835872,50.793294,52.562061,54.202059,56.530751,58.966249,61.256272,63.701449,65.37695,67.101312,68.972995,71.063445,72.93434,74.662832,77.141896,79.44605,81.774846,84.383901,86.964201,89.457229,92.213037,94.672271,97.43965,99.58358,102.134328,104.415561,107.006165,109.291321,111.627517,114.217317,116.157011,118.853631,120.734415,123.694555,125.565172,127.508223,129.3109,131.456536,134.287246,135.77204,137.232727,138.693072,140.31855,141.8089,143.352608,144.929584,146.487404,148.04532,149.59931,151.153074,152.709595,154.312289,155.869898,157.425891,158.984166,160.542003,162.099728,163.670518,165.22539,166.784786,168.387335,169.972535,171.540772,173.103043,174.628743,176.097165,177.539298,178.975993,180.438703,181.97917,183.564327,185.141148,186.692853,188.248983,189.80131,191.34626,192.883058,194.426195,195.96951,197.549747,199.090272,200.63638,202.175833,203.730752,205.336681,206.894671,208.44618,209.999844,211.552011,213.115005,214.670792,216.21347,217.727568,219.228907,220.844815,222.311383,223.762158,225.208164,226.718837,228.266792,229.823338,231.373867,233.004427,234.564839,236.123587,237.682925,239.239497,240.811752,242.361086,243.913036,245.459428,247.009772,248.555338,250.109887,251.661166,253.212212,254.82566,256.389737,257.940909,259.472134,260.9667,262.450294,263.912837,265.400483,266.949586,268.513293,270.074729,271.636143,273.197669,274.756198,276.29959,277.84798,279.418892,280.975877,282.528539,284.085487,285.627953,287.180336,288.772729,290.333515,292.011972,293.569617,295.122868,296.675972,298.194304,299.673131,301.115612,302.55454,303.974683,305.385155,306.807643,308.299388,309.847853,311.401757,312.947939,314.498246,316.051524,317.606275,319.164407,320.725665,322.279662,323.838706,325.393378,326.949081,328.504903,330.061053,331.615759,333.166519,334.732431,336.2312,337.670883,339.094044,340.50172,341.91585,343.322708,344.796003,346.338204,347.884033,349.421724,350.967683,352.509626,354.056107,355.597557,357.139254,358.678738,360.222148,361.768025,363.31176,364.853795,366.400131,367.935441,369.511657,371.034258,372.528291,373.972311,375.404699,376.849468,378.33151,379.847336,381.375244,382.893892,384.424216,385.961895,387.512899,389.058466,390.605477,392.153542,393.706871,395.251152,396.803724,398.354373,399.902965,401.453526,403.015351,404.572654,406.133424,407.694592,409.255359,410.81429,412.378578,413.940401,415.506695,417.070671,418.633377,420.181232,421.702256,423.199964,424.698848,426.186849,427.690978,429.244703,430.808188,432.365162,433.933576,435.497619,437.063149,438.569742,440.011183,441.428291,443.001236,444.561255,446.130112,447.68937,449.24814,450.798206,452.355044,453.912454,455.509289,457.063813,458.623076,460.178411,461.769921,463.328887,464.879247,466.422267,468.006131,469.562424,471.070014,472.610079,474.125194,475.553087,476.966176,478.385282,479.797779,481.240012,482.69304,484.227836,485.782416,487.3345,488.893275,490.447712,492.00454,493.560539,495.116774,496.67364,498.229991,499.784069,501.338726,502.892039,504.446554,505.995679,507.549417,509.089254,510.60967,512.071027,513.500298,514.899592,516.310894,517.713618,519.119732,520.522628,521.984547,523.50397,525.038242,526.58434,528.140774,529.703612,531.268431,532.814637,534.400117,536.240923,537.986884,539.544702,541.148396,542.698649,544.261245,545.822159,547.383978,548.94998,550.511939,552.287557,553.851407,555.42089,556.951658,558.428606,559.886226,561.320308,562.75083,564.309138,565.814686,567.2288,568.656325,570.132056,571.661115,573.266374,574.829001,576.39282,577.956554,579.540829,581.095965,582.656591,584.220823,585.776568,587.430524,588.9871,590.549385,592.189656,593.742535,595.294842,596.863357,598.448255,600.012241,601.577169,603.13654,604.684287,606.207678,607.734677,609.161048,610.57204,611.986393,613.394826,614.814532,616.277864,617.837944,619.396899,620.961846,622.526412,624.107027,625.655448,627.211763,628.774837,630.343303,631.910806,633.475899,635.038469,636.599704,638.134871,639.642351,641.101804,642.587764,644.002166,645.423919,646.841352,648.269359,649.814239,651.379632,652.938827,654.507524,656.073356,657.638595,659.201185,660.844921,662.416203,663.985069,665.554528,667.121405,668.681749,670.249914,671.817713,673.381947,674.923308,676.43515,677.948726,679.438893,680.971137,682.529716,684.101894,685.674835,687.279704,688.849723,690.405899,691.952842,693.487286,695.038624,696.59754,698.157366,699.757641,701.330618,702.900281,704.471213,706.023936,707.542999,709.164168,710.8294,712.410318,714.320226,716.010778,717.576676,719.133072,720.699723,722.266146,723.82887,725.377474,726.919442,728.453593,729.993753,731.533978,733.040899,734.552412,736.113577,737.675651,739.240156,740.823647,742.395225,743.964926,745.533701,747.096803,748.654925,750.262272,751.770383,753.271116,754.80308,756.358531,757.918311,759.483357,761.054616,762.628376,764.201243,765.765715,767.333894,768.90123,770.469888,772.027773,773.583917,775.13186,776.693609,778.248628,779.844515,781.405975,782.968246,784.532177,786.102486,787.677629,789.255029,790.822344,792.396139,793.964218,795.519388,797.017636,798.486563,799.924692,801.422552,802.960663,804.511821,806.063247,807.624648,809.201395,810.769064,812.321757,813.879524,815.43617,816.99636,818.551961,820.114483,821.673394,823.240367,824.808881,826.380904,827.93656,829.465366,830.976082,832.511125,834.000616,835.493312,837.041892
0.0004844395861614,0.000422031212705676,0.000399147246286757,0.000387346322308968,0.000380154027550317,0.000375296870315012,0.000371775250803452,0.000369083186771979,0.000366938585279808,0.000365172675771852,0.000363678855298533,0.000362386796111114,0.000361248402208414,0.000360229762830899,0.000359306330681486,0.000358459922064513,0.000357676789736638,0.000356946349911347,0.000356260320475421,0.000355612124669724,0.000354996470251168,0.000354409047134796,0.000353846306580863,0.000353305297499551,0.000352783543406066,0.000352278948744011,0.000351789726713569,0.000351314343053577,0.000350851471798252,0.000350399960126868,0.000349958800183625,0.000349527106300984,0.000349104096444508,0.000348689076988595,0.000348281430139874,0.000347880603479345,0.000347486101219152,0.000347097476846914,0.000346714326908693,0.000346336285727,0.000345963020890405,0.000345594229390178,0.000345229634290956,0.000344868981855706,0.000344512039051281,0.000344158591375932,0.000343808440962823,0.000343461404918255,0.000343117313859498,0.000342776010627155,0.000342437349146518,0.000342101193417266,0.000341767416617067,0.000341435900301557,0.000341106533689572,0.000340779213024556,0.000340453840999899,0.000340130326242916,0.000339808582850321,0.000339488529966792,0.000339170091405272,0.000338853195302802,0.000338537773805658,0.000338223762785583,0.000337911101579103,0.000337599732750382,0.000337289601872959,0.000336980657332342,0.000336672850141273,0.000336366133772747,0.000336060464005472,0.000335755798780424,0.000335452098069844,0.000335149323754447,0.000334847439512176,0.000334546410712067,0.000334246204318323,0.000333946788799722,0.000333648134045905,0.000333350211288996,0.000333052993030769,0.000332756452975147,0.00033246056596381,0.000332165307917798,0.000331870655780442,0.000331576587466964,0.000331283081814293,0.000330990118535546,0.00033069767817695,0.000330405742076989,0.000330114292328654,0.000329823311743249,0.000329532783816422,0.00032924269269663,0.000328953023153833,0.00032866376055285,0.000328374890824268,0.000328086400440908,0.000327798276392288,0.000327510506162421,0.000327223077708272,0.000326935979438669,0.000326649200195428,0.000326362729234919,0.000326076556209642,0.000325790671152681,0.000325505064460829,0.000325219726880377,0.000324934649492237,0.000324649823698175,0.000324365241208824,0.000324080894029688,0.000323796774450269,0.000323512875033183,0.000323229188602392,0.000322945708233435,0.000322662427243881,0.000322379339183554,0.000322096437825881,0.000321813717158781,0.000321531171377343,0.00032124879487494,0.000320966582237237,0.000320684528233528,0.000320402627810301,0.000320120876085239,0.000319839268340116,0.000319557800015913,0.000319276466705265,0.000318995264148469,0.000318714188227487,0.000318433234961057,0.000318152400499594,0.000317871681120518,0.0003175910732236,0.000317310573327401,0.000317030178063948,0.000316749884175405,0.000316469688510068,0.000316189588019045,0.000315909579751583,0.0003156296608533,0.000315349828561295,0.000315070080201929,0.000314790413187716,0.000314510825013548,0.000314231313255142,0.000313951875565488,0.000313672509672402,0.000313393213375868,0.00031311398454581,0.0003128348211201,0.000312555721101004,0.000312276682554957,0.000311997703608569,0.000311718782447956,0.000311439917315637,0.000311161106510083,0.000310882348382613,0.00031060364133606,0.00031032498382344,0.000310046374345729,0.000309767811450756,0.000309489293731646,0.000309210819824823,0.000308932388409566,0.000308653998205344,0.000308375647972037,0.000308097336507274,0.000307819062645764,0.000307540825258634,0.000307262623251203,0.000306984455562764,0.000306706321165029,0.000306428219061239,0.0003061501482855,0.000305872107900784,0.000305594096999595,0.000305316114701304,0.000305038160152593,0.000304760232526124,0.000304482331019651,0.000304204454855572,0.000303926603279381,0.000303648775560106,0.000303370970988315,0.00030309318887678,0.000302815428558256,0.000302537689386151,0.000302259970733632,0.000301982271992296,0.000301704592572616,0.000301426931901938,0.000301149289426039,0.000300871664606461,0.000300594056921399,0.00030031646586437,0.000300038890944654,0.000299761331685522,0.000299483787625121,0.000299206258315365,0.000298928743321047,0.000298651242220727,0.000298373754605175,0.000298096280077376,0.000297818818252082,0.000297541368755816,0.000297263931226199,0.000296986505311292,0.000296709090670255,0.000296431686971577,0.000296154293894402,0.00029587691112698,0.000295599538366886,0.0002953221753208,0.000295044821703838,0.000294767477239999,0.00029449014166083,0.00029421281470654,0.000293935496124442,0.000293658185669843,0.00029338088310471,0.000293103588198784,0.0002928263007278,0.000292549020474597,0.000292271747228678,0.000291994480784874,0.00029171722094512,0.000291439967516238,0.000291162720311489,0.000290885479149461,0.000290608243853629,0.00029033101425302,0.000290053790181766,0.000289776571478884,0.000289499357987832,0.000289222149556956,0.000288944946039038,0.000288667747290861,0.000288390553173867,0.000288113363553277,0.000287836178298306,0.000287558997281945,0.00028728182038118,0.00028700464747633,0.000286727478451265,0.000286450313193409,0.000286173151593294,0.00028589599354456,0.000285618838944401,0.000285341687692675,0.000285064539692348,0.000284787394848607,0.000284510253070414,0.00028423311426895,0.000283955978357397,0.000283678845252489,0.000283401714872511,0.000283124587138861,0.000282847461974711,0.000282570339305677,0.000282293219059593,0.000282016101166294,0.000281738985557611,0.000281461872167377,0.000281184760931419,0.000280907651787787,0.00028063054467542,0.000280353439535919,0.000280076336311996,0.000279799234948586,0.00027952213539173,0.000279245037589249,0.000278967941490516,0.000278690847046237,0.000278413754208673,0.000278136662931416,0.000277859573169392,0.000277582484878636,0.00027730539801718,0.000277028312543282,0.000276751228417416,0.000276474145600059,0.000276197064053907,0.000275919983742323,0.000275642904629336,0.000275365826680751,0.000275088749862595,0.000274811674142894,0.000274534599489229,0.000274257525871624,0.000273980453259659,0.00027370338162469,0.000273426310938296,0.000273149241173387,0.000272872172303318,0.000272595104302331,0.000272318037145558,0.000272040970808352,0.000271763905267397,0.000271486840499602,0.000271209776482984,0.00027093271319556,0.00027065565061668,0.000270378588725695,0.000270101527503064,0.000269824466929247,0.000269547406985815,0.000269270347654782,0.000268993288918162,0.000268716230759081,0.000268439173160884,0.000268162116107584,0.000267885059583195,0.000267608003572839,0.000267330948061639,0.000267053893035385,0.000266776838479865,0.000266499784381757,0.000266222730727739,0.000265945677505375,0.000265668624701787,0.000265391572305429,0.000265114520304532,0.000264837468687329,0.000264560417443382,0.000264283366561369,0.000264006316031518,0.000263729265843393,0.000263452215987003,0.000263175166453244,0.00026289811723279,0.000262621068316315,0.000262344019695382,0.00026206697136133,0.000261789923306166,0.000261512875521674,0.000261235828000306,0.00026095878073451,0.000260681733716517,0.000260404686939886,0.000260127640397068,0.000259850594081845,0.000259573547987557,0.000259296502107542,0.000259019456436249,0.000258742410967239,0.00025846536569496,0.000258188320613639,0.000257911275717726,0.000257634231002113,0.000257357186461471,0.000257080142091137,0.000256803097885783,0.000256526053840744,0.000256249009951803,0.000255971966214075,0.00025569492262334,0.000255417879175601,0.000255140835866641,0.000254863792692239,0.000254586749649066,0.00025430970673268,0.000254032663940196,0.000253755621267615,0.000253478578711386,0.000253201536268621,0.000252924493935769,0.00025264745170972,0.000252370409587588,0.000252093367566264,0.000251816325642862,0.000251539283814495,0.00025126224207872,0.00025098520043243,0.000250708158873625,0.000250431117399419,0.000250154076007592,0.0002498770346957,0.000249599993461302,0.0002493229523024,0.000249045911216994,0.00024876887020242,0.000248491829257347,0.000248214788379331,0.000247937747566374,0.000247660706817143,0.000247383666129197,0.000247106625501203,0.000246829584931385,0.000246552544417966,0.000246275503959392,0.000245998463554109,0.000245721423200562,0.00024544438289742,0.000245167342643127,0.000244890302436129,0.000244613262275317,0.000244336222159136,0.000244059182086698,0.000243782142056448,0.000243505102067054,0.000243228062117851,0.000242951022207283,0.000242673982334241,0.000242396942497836,0.000242119902696958,0.000241842862930719,0.000241565823198009,0.000241288783497717,0.000241011743829178,0.000240734704191281,0.00024045766458336,0.000240180625004527,0.000239903585453671,0.000239626545930349,0.000239349506433451,0.000239072466962753,0.000238795427516925,0.000238518388095521,0.000238241348697876,0.000237964309323102,0.000237687269970976,0.000237410230640389,0.000237133191330896,0.000236856152042053,0.000236579112772972,0.000236302073523431,0.000236025034292764,0.000235747995080082,0.000235470955885386,0.00023519391670801,0.000234916877547287,0.000234639838402773,0.000234362799274246,0.00023408576016104,0.000233808721062712,0.000233531681979038,0.000233254642909353,0.000232977603853435,0.000232700564810839,0.000232423525781122,0.000232146486764062,0.000231869447758992,0.000231592408765913,0.000231315369784602,0.000231038330814171,0.000230761291854842,0.000230484252905949,0.000230207213967271,0.000229930175038806,0.000229653136119889,0.000229376097210521,0.000229099058310256,0.000228822019418873,0.000228544980536149,0.000228267941661864,0.000227990902795572,0.000227713863937495,0.000227436825086968,0.000227159786243991,0.000226882747408341,0.000226605708579575,0.000226328669757914,0.000226051630942692,0.000225774592134131,0.00022549755333201,0.000225220514535884,0.000224943475745754,0.000224666436961396,0.00022438939818259,0.000224112359409334,0.000223835320641408,0.000223558281878589,0.000223281243120876,0.000223004204367827,0.000222727165619885,0.000222450126876383,0.000222173088137323,0.000221896049402703,0.000221619010672081,0.000221341971945899,0.000221064933223492,0.000220787894505081,0.000220510855790446,0.000220233817079363,0.000219956778372055,0.000219679739668077,0.000219402700967652,0.000219125662270336,0.000218848623576129,0.000218571584885252,0.000218294546197262,0.000218017507512158,0.000217740468829941,0.000217463430150611,0.000217186391473945,0.000216909352799721,0.000216632314128162,0.000216355275459046
18.965606,20.529073,22.043509,23.52247,25.000905,26.479105,27.954191,29.432179,30.907654,32.385166,33.861182,35.339981,36.816516,38.292842,39.768718,41.24634,42.723999,44.206993,45.690214,47.175396,48.656956,50.133556,51.590031,53.004882,54.37365,55.974168,58.919979,60.520222,63.201029,64.853713,66.595632,68.382936,70.037196,72.045026,74.683887,76.29822,77.968027,80.310198,82.046837,83.836479,85.502417,87.268915,89.165551,91.039731,92.782255,95.38198,96.943539,98.709632,100.599166,102.310586,104.046913,105.799604,107.466092,109.190831,111.096092,112.646614,114.408126,116.196017,117.866991,120.30479,122.123561,124.015974,127.026447,128.767764,130.571058,132.274609,133.991836,135.771262,137.54557,139.254896,141.514445,143.414244,145.403462,148.422624,150.463743,153.243144,154.995111,158.012384,159.769895,162.768894,164.401563,166.206862,167.913943,169.480144,170.941894,172.467087,173.991495,175.493242,177.001034,178.493567,179.9838,181.478994,182.969485,184.454379,185.924255,187.402366,188.87784,190.362234,191.837972,193.366474,194.849395,196.341175,197.822204,199.30619,200.790043,202.280288,203.756609,205.233788,206.698353,208.125913,209.519761,210.910197,212.292314,213.668738,215.076305,216.550888,218.027701,219.513032,220.989976,222.468932,223.956597,225.447435,226.931514,228.421715,229.906095,231.398044,232.889507,234.378957,235.890878,237.380439,238.869863,240.363065,241.850157,243.341572,244.82083,246.289092,247.704867,249.313827,250.710074,252.10348,253.4862,254.861944,256.233475,257.609871,259.073881,260.542223,262.033664,263.540269,265.046497,266.534897,268.040453,269.525251,271.009118,272.49586,273.985344,275.473502,276.957996,278.448055,279.931605,281.421026,282.910521,284.404681,285.891128,287.381123,288.850851,290.30148,291.737823,293.266763,294.66821,296.095881,297.552543,299.039858,300.531181,302.014577,303.493829,304.974672,306.453746,307.937029,309.415019,310.894786,312.394359,313.888138,315.374905,316.862614,318.349217,319.837111,321.324323,322.814393,324.36616,325.85487,327.339621,328.827954,330.316003,331.808138,333.343418,334.823367,336.304201,337.750056,339.171006,340.558496,341.91969,343.278194,344.643463,346.099664,347.573155,349.06059,350.53593,352.01449,353.49284,354.97505,356.487901,357.973011,359.452056,360.936372,362.417813,363.903065,365.383295,366.865905,368.34577,369.832051,371.314784,372.802995,374.286524,375.762286,377.23451,378.699106,380.120503,381.512955,382.890047,384.2551,385.606492,386.966782,388.321666,389.684478,391.040181,392.486706,393.964937,395.447703,396.929601,398.414592,399.914033,401.398189,402.88048,404.363782,405.844526,407.334687,408.814587,410.328585,411.804783,413.286752,414.765682,416.282262,417.761934,419.244883,420.72654,422.22734,423.745597,425.236907,426.696648,428.132127,429.544964,430.943021,432.315606,433.683404,435.067016,436.542439,438.02047,439.501292,440.980966,442.463249,443.942619,445.423555,446.907472,448.395126,449.871079,451.350924,452.82989,454.30891,455.785293,457.272384,458.752573,460.167189,461.551205,462.929161,464.293144,465.732395,467.155025,468.62804,470.093299,471.577146,473.066152,474.556315,476.045031,477.532818,479.020116,480.511028,481.99976,483.49121,484.968532,486.448795,487.934669,489.427266,490.918128,492.398476,493.836174,495.235335,496.603406,497.973474,499.367106,500.825297,502.284465,503.76695,505.255809,506.743295,508.223379,509.707162,511.203559,512.69419,514.183454,515.676048,517.167159,518.661572,520.151501,521.646249,523.141021,524.638513,526.129681,527.611917,529.056166,530.539884,531.948218,533.347372,534.791881,536.281555,537.777104,539.268655,540.750849,542.23652,543.714882,545.220008,546.705931,548.194926,549.678176,551.16853,552.691603,554.187259,555.678899,557.172208,558.68875,560.346356,561.851619,563.380158,564.97145,566.467627,567.967521,569.472141,570.907799,572.339508,573.74217,575.159907,576.637444,578.138312,579.719446,581.340755,582.885869,584.3868,585.877258,587.375546,588.93887,590.494613,592.047728,593.567739,595.086405,596.614904,598.107732,599.596345,601.103364,602.676577,604.159556,605.651618,607.181548,608.667416,610.154986,611.650579,613.184381,614.683989,616.212655,617.698476,619.18072,620.691171,622.102466,623.604577,624.999371,626.393732,627.768693,629.185714,630.631922,632.104479,633.589807,635.071664,636.664926,638.234909,639.768858,641.268668,642.901949,644.392475,645.915709,647.45483,649.149324,650.734471,652.214444,653.697091,655.171761,656.649611,658.124141,659.640033,661.177727,662.672109,664.267148,665.734982,667.172009,668.60497,670.026029,671.4412,672.918596,674.421012,675.909812,677.423177,678.921157,680.424026,681.916394,683.436852,684.930849,686.434198,687.929888,689.432265,690.92195,692.448923,693.938648,695.432424,696.925097,698.420139,699.914518,701.408121,702.909568,704.412173,705.905905,707.382212,708.823398,710.222422,711.608244,712.991692,714.415952,715.893031,717.381431,718.878161,720.374201,721.872037,723.370522,724.870093,726.363612,727.857802,729.350429,730.844044,732.337531,733.826372,735.309012,736.839458,738.370777,739.867231,741.360861,742.868091,744.36457,745.895828,747.411159,748.921511,750.394666,751.852297,753.26546,754.659304,756.029374,757.393436,758.765251,760.245237,761.724308,763.221888,764.703443,766.18711,767.667162,769.145238,770.625271,772.105391,773.579855,775.067732,776.551172,778.041639,779.523283,781.013512,782.496112,783.973104
0.0025420129801117,0.00137925524688542,0.00108995680620394,0.00097795720058258,0.000922992605183026,0.000891589979008067,0.000871690597064489,0.00085812427770815,0.000848370513878649,0.000841072846617053,0.000835441892368394,0.000830988344032946,0.000827392839228391,0.000824437911510323,0.000821970242631309,0.000819878632785542,0.000818080557247303,0.000816513629807059,0.00081512998527522,0.000813892463148225,0.000812771940595258,0.000811745421894994,0.000810794640120793,0.000809905014829582,0.000809064863026787,0.000808264794092128,0.000807497240788546,0.000806756092522232,0.000806036406478139,0.000805334178740402,0.000804646162055889,0.000803969720162279,0.000803302710958853,0.000802643392561198,0.000801990347585768,0.000801342422019236,0.00080069867577981,0.000800058342690591,0.000799420798031747,0.000798785532211799,0.000798152129390939,0.000797520250106931,0.000796889617149521,0.000796260004068294,0.000795631225815274,0.000795003131128347,0.000794375596323338,0.000793748520233617,0.000793121820087173,0.000792495428139528,0.000791869288930602,0.000791243357041616,0.000790617595267662,0.000789991973122461,0.000789366465618002,0.00078874105226534,0.000788115716262361,0.000787490443823646,0.000786865223636024,0.000786240046414477,0.000785614904533105,0.000784989791729362,0.000784364702857587,0.000783739633688274,0.000783114580744204,0.000782489541167219,0.000781864512604979,0.000781239493121699,0.000780614481124875,0.000779989475303111,0.000779364474575495,0.000778739478052515,0.000778114485000536,0.000777489494815153,0.000776864506997654,0.000776239521136812,0.000775614536893343,0.000774989553987471,0.000774364572187825,0.000773739591303002,0.000773114611175796,0.000772489631675644,0.000771864652694632,0.000771239674144386,0.0007706146959503,0.000769989718051978,0.000769364740398348,0.000768739762948556,0.000768114785667517,0.000767489808526367,0.000766864831502012,0.000766239854574025,0.000765614877726861,0.000764989900946311,0.000764364924221272,0.000763739947542863,0.000763114970903089,0.000762489994295734,0.000761865017715024,0.000761240041156519,0.000760615064617109,0.000759990088093687,0.000759365111583143,0.000758740135084146,0.00075811515859403,0.000757490182112353,0.000756865205636892,0.000756240229167204,0.000755615252702402,0.000754990276241596,0.000754365299784343,0.000753740323330199,0.000753115346878719,0.000752490370429459,0.00075186539398242,0.000751240417536714,0.000750615441093228,0.000749990464650629,0.000749365488209808,0.000748740511769874,0.000748115535330829,0.000747490558893116,0.000746865582456291,0.000746240606020354,0.000745615629585306,0.000744990653150701,0.000744365676717429,0.000743740700284601,0.000743115723852217,0.000742490747420721,0.000741865770990113,0.00074124079455995,0.000740615818130674,0.000739990841701843,0.0007393658652739,0.000738740888846401,0.000738115912419346,0.000737490935993179,0.000736865959567456,0.000736240983142622,0.000735616006718232,0.000734991030294285,0.000734366053871227,0.000733741077448613,0.000733116101026887,0.000732491124605605,0.000731866148184768,0.000731241171764374,0.000730616195344869,0.000729991218926251,0.000729366242507634,0.000728741266089905,0.000728116289673064,0.000727491313256223,0.000726866336840271,0.000726241360425206,0.000725616384010586,0.000724991407596409,0.000724366431182677,0.000723741454769833,0.000723116478357433,0.000722491501945921,0.000721866525534853,0.00072124154912423,0.000720616572714494,0.000719991596305203,0.000719366619896356,0.000718741643488396,0.000718116667080881,0.00071749169067381,0.000716866714267628,0.000716241737861889,0.000715616761456594,0.000714991785052188,0.000714366808648226,0.000713741832245152,0.000713116855842522,0.000712491879440336,0.000711866903038594,0.00071124192663774,0.000710616950237775,0.000709991973837809,0.000709366997438732,0.000708742021040099,0.000708117044642353,0.000707492068245053,0.00070686709184864,0.000706242115452227,0.000705617139056702,0.000704992162662066,0.000704367186267429,0.000703742209874125,0.000703117233480821,0.000702492257088405,0.000701867280696433,0.00070124230430535,0.00070061732791471,0.000699992351524514,0.000699367375134763,0.0006987423987459,0.000698117422357925,0.000697492445969949,0.000696867469582862,0.000696242493196664,0.000695617516810465,0.000694992540425154,0.000694367564040732,0.000693742587656754,0.00069311761127322,0.000692492634890129,0.000691867658507928,0.00069124268212617,0.0006906177057453,0.000689992729364874,0.000689367752984893,0.000688742776605356,0.000688117800226706,0.000687492823848945,0.000686867847471184,0.000686242871094311,0.000685617894718327,0.000684992918342342,0.000684367941967245,0.000683742965593037,0.000683117989218829,0.000682493012845953,0.000681868036473077,0.000681243060101089,0.000680618083729545,0.000679993107358889,0.000679368130988678,0.00067874315461891,0.000678118178249587,0.000677493201881152,0.000676868225513161,0.000676243249146058,0.000675618272779399,0.000674993296413184,0.000674368320047858,0.000673743343682975,0.000673118367318537,0.000672493390954987,0.000671868414591881,0.000671243438229663,0.000670618461867889,0.000669993485506559,0.000669368509145674,0.000668743532785676,0.000668118556426123,0.000667493580067458,0.000666868603709236,0.000666243627351459,0.000665618650994571,0.000664993674638126,0.000664368698282125,0.000663743721926568,0.0006631187455719,0.00066249376921812,0.000661868792864784,0.000661243816511892,0.000660618840159444,0.000659993863807884,0.000659368887456768,0.000658743911106541,0.000658118934756313,0.000657493958406974,0.000656868982058523,0.000656244005710516,0.000655619029362953,0.000654994053016278,0.000654369076670047,0.000653744100324261,0.000653119123979362,0.000652494147634908,0.000651869171290897,0.000651244194947775,0.000650619218605097,0.000649994242262864,0.000649369265921518,0.000648744289580616,0.000648119313240603,0.000647494336900589,0.000646869360561908,0.000646244384223227,0.000645619407885434,0.000644994431548085,0.000644369455211624,0.000643744478875607,0.000643119502540035,0.000642494526205351,0.00064186954987111,0.000641244573537314,0.000640619597204406,0.000639994620871942,0.000639369644539922,0.000638744668208791,0.000638119691878103,0.000637494715547859,0.000636869739218504,0.000636244762889593,0.00063561978656157,0.000634994810233991,0.000634369833906856,0.000633744857580609,0.000633119881254807,0.000632494904929448,0.000631869928604534,0.000631244952280507,0.000630619975957369,0.000629994999634231,0.000629370023311981,0.00062874504699062,0.000628120070669702,0.000627495094349229,0.000626870118029199,0.000626245141710058,0.000625620165391361,0.000624995189073552,0.000624370212755743,0.000623745236439266,0.000623120260122789,0.000622495283807201,0.000621870307492056,0.0006212453311778,0.000620620354863988,0.00061999537855062,0.00061937040223814,0.000618745425926104,0.000618120449614512,0.000617495473303808,0.000616870496993549,0.000616245520684178,0.000615620544374806,0.000614995568066767,0.000614370591758728,0.000613745615451577,0.000613120639144871,0.000612495662839052,0.000611870686533234,0.000611245710228747,0.000610620733924261,0.000609995757620663,0.000609370781317953,0.000608745805015243,0.000608120828713421,0.000607495852412487,0.000606870876111554,0.000606245899811508,0.000605620923512351,0.000604995947213638,0.000604370970915369,0.000603745994617544,0.000603121018320607,0.000602496042024114,0.00060187106572851,0.000601246089432905,0.000600621113138633,0.000599996136844361,0.000599371160550977,0.000598746184258481,0.000598121207965985,0.000597496231674377,0.000596871255383657,0.000596246279092938,0.000595621302803107,0.000594996326514163,0.00059437135022522,0.000593746373937609,0.000593121397649998,0.000592496421363276,0.000591871445076997,0.000591246468791606,0.000590621492506216,0.000589996516222158,0.000589371539938099,0.000588746563654929,0.000588121587372203,0.000587496611090366,0.000586871634808972,0.000586246658528022,0.000585621682247961,0.000584996705968344,0.00058437172968917,0.000583746753410885,0.000583121777133044,0.000582496800856092,0.000581871824579583,0.000581246848303518,0.000580621872027898,0.000579996895753165,0.000579371919478877,0.000578746943205477,0.000578121966932521,0.000577496990660009,0.000576872014388385,0.000576247038117206,0.00057562206184647,0.000574997085576179,0.00057437210930722,0.00057374713303826,0.000573122156770189,0.000572497180502562,0.00057187220423538,0.000571247227969085,0.000570622251703234,0.000569997275438272,0.000569372299173754,0.00056874732290968,0.000568122346646049,0.000567497370383307,0.00056687239412101,0.0005662474178596,0.000565622441598634,0.000564997465338113,0.00056437248907848,0.00056374751281929,0.000563122536560545,0.000562497560302688,0.000561872584045275,0.000561247607788307,0.000560622631532226,0.00055999765527659,0.000559372679021841,0.000558747702767537,0.000558122726513677,0.000557497750260261,0.000556872774007733,0.000556247797755649,0.000555622821504453,0.000554997845253702,0.000554372869003394,0.000553747892753975,0.000553122916505,0.000552497940256469,0.000551872964008826,0.000551247987761627,0.000550623011514872,0.000549998035269006,0.000549373059023583,0.000548748082779049,0.000548123106534959,0.000547498130291313,0.000546873154048111,0.000546248177805797,0.000545623201563927,0.000544998225322946,0.000544373249082408,0.000543748272842315,0.00054312329660311,0.000542498320364349,0.000541873344126031,0.000541248367888603,0.000540623391651618,0.000539998415415077,0.000539373439179425,0.000538748462944216,0.000538123486709452,0.000537498510475576,0.000536873534242588,0.0005362485580096,0.0005356235817775,0.000534998605545844,0.000534373629315077,0.000533748653084753,0.000533123676854874,0.000532498700625439,0.000531873724396892,0.000531248748169233,0.000530623771942018,0.000529998795715247,0.000529373819488921,0.000528748843263482,0.000528123867038488,0.000527498890813938,0.000526873914590276,0.000526248938367058,0.000525623962144284,0.000524998985922398,0.000524374009700956,0.000523749033480403,0.000523124057260294,0.000522499081040628,0.000521874104821851,0.000521249128603518,0.000520624152385629,0.000519999176168628,0.000519374199952072,0.000518749223735959,0.000518124247520735,0.000517499271305955,0.000516874295091618,0.00051624931887817,0.000515624342665166,0.000514999366453051,0.000514374390241379,0.000513749414030151,0.000513124437819368,0.000512499461609472,0.000511874485400021,0.000511249509191458
17.869881,19.33993,20.807766,22.27546,23.743012,25.208922,26.680551,28.172736,29.645987,31.118625,32.590473,34.062138,35.532781,37.00174,38.47315,39.94364,41.410048,42.86827,44.333846,45.794693,47.235145,48.619065,49.965432,51.302493,52.63231,53.967547,55.345747,56.779314,58.224923,59.680971,61.139701,62.600162,64.058163,65.515918,66.971524,68.433509,69.889763,71.350352,72.808402,74.271052,75.734704,77.187374,78.631049,80.058338,81.436261,82.791927,84.142361,85.487146,86.83946,88.2841,89.782111,91.243089,92.701756,94.161243,95.619769,97.07581,98.531173,99.988179,101.446641,102.907723,104.367211,105.833007,107.293149,108.751744,110.20459,111.659304,113.116138,114.571716,116.03027,117.486482,118.940703,120.397893,121.857413,123.317186,124.774467,126.225925,127.628176,129.000313,130.356492,131.708772,133.125426,134.585117,136.043277,137.507501,138.965476,140.425454,141.883587,143.343224,144.795775,146.250193,147.703593,149.158841,150.611447,152.06711,153.519965,154.974097,156.408298,157.775912,159.107836,160.437911,161.771263,163.195643,164.640044,166.093952,167.545421,168.99973,170.452469,171.905846,173.357465,174.811838,176.263214,177.715002,179.158953,180.601215,182.012192,183.385789,184.725526,186.061107,187.389205,188.745895,190.193668,191.649206,193.101833,194.5578,196.019361,197.475928,198.928846,200.385109,201.838078,203.293207,204.750001,206.207452,207.663889,209.115265,210.552412,211.981947,213.404662,214.826895,216.266174,217.725504,219.186354,220.646748,222.108781,223.569299,225.024467,226.480295,227.937128,229.392947,230.846679,232.295549,233.749609,235.203343,236.656568,238.112861,239.569597,241.030144,242.490928,243.946902,245.397567,246.858365,248.303184,249.746668,251.190199,252.636674,254.081031,255.529027,256.976426,258.427267,259.880389,261.336639,262.78639,264.208725,265.605988,266.986652,268.345167,269.741255,271.177371,272.632247,274.087832,275.548566,277.006745,278.465374,279.922072,281.381768,282.843608,284.308788,285.768769,287.23186,288.692604,290.159256,291.739571,293.396923,295.368472,296.950902,298.742145,300.458776,302.079254,305.32004,306.881416,308.625191,310.436579,311.935216,313.655696,316.441074,318.020628,320.686861,322.484561,324.212883,325.976159,327.594329,329.286006,331.201092,332.979684,334.724861,337.514968,339.049937,341.459696,343.884078,346.108298,349.004457,350.578957,352.927856,354.562371,356.283341,358.037677,359.717055,361.358174,363.437043,365.555338,367.291835,368.998589,370.580208,372.079147,373.746585,376.069389,377.695089,379.545712,381.400125,383.030056,384.797015,386.542906,388.024641,389.949265,391.886638,393.292641,394.99887,396.771704,398.452452,400.462108,403.281129,404.92974,406.78818,408.714079,410.2621,413.569455,415.114063,417.195701,419.48642,421.148147,422.976269,425.138971,426.717041,428.480919,430.183338,431.784745,434.149947,435.891312,437.51621,439.076356,440.560617,442.098548,443.584737,445.078622,446.571426,448.131601,449.655291,451.14611,452.738371,454.359296,455.98644,457.613578,459.234602,460.808874,462.334021,463.825674,465.41694,467.034829,468.658172,470.276411,471.924928,473.526818,475.08062,476.597941,478.196863,479.656218,481.117785,482.583987,484.088821,485.545538,486.996982,488.454467,489.9075,491.360102,492.813739,494.265113,495.720356,497.176313,498.632689,500.089782,501.555751,503.017561,504.475372,505.903585,507.326928,508.751507,510.171644,511.577375,512.987853,514.43731,515.89877,517.449208,518.913093,520.369823,521.828511,523.286374,524.741817,526.19542,527.648279,529.098041,530.543614,531.985276,533.428468,534.888419,536.349106,537.825358,539.285791,540.744892,542.213271,543.67497,545.136716,546.594153,548.056167,549.512584,550.963064,552.401384,553.856781,555.308435,556.764926,558.216685,559.733586,561.260785,562.726899,564.184619,565.631515,567.06563,568.506547,569.964108,571.429256,572.994165,574.466061,575.937711,577.411911,578.87923,580.345909,581.812371,583.264206,584.71284,586.155689,587.585595,589.019014,590.425936,591.894743,593.361876,594.831425,596.299897,597.771787,599.240707,600.710279,602.177056,603.670012,605.138101,606.596564,608.057408,609.514532,610.974174,612.445958,613.913352,615.37594,616.836685,618.305205,619.774102,621.234746,622.693,624.150565,625.60958,627.061906,628.518626,629.973051,631.431578,632.889438,634.351114,635.807524,637.265332,638.723095,640.181754,641.653048,643.115564,644.602814,646.076626,647.534687,648.982991,650.421466,651.863415,653.299134,654.71066,656.126938,657.575664,659.033787,660.49436,661.949494,663.408584,664.865158,666.32151,667.786073,669.24875,670.712317,672.177087,673.642684,675.102222,676.55732,678.021714,679.484632,680.937547,682.391527,683.84346,685.296048,686.750713,688.211037,689.736712,691.188124,692.60988,694.010457,695.383966,696.758924,698.128515,699.536488,700.992174,702.456969,703.924244,705.395818,706.867128,708.337158,709.804437,711.272514,712.738618,714.202992,715.651887,717.100509,718.545542,719.994711,721.449033,722.906337,724.366116,725.863862,727.333477,728.802955,730.271714,731.742979,733.209195,734.675205,736.140887,737.625332,739.083595,740.550045,742.012256,743.478298,744.941288,746.406023,747.872194,749.342402,750.81007,752.275728,753.740284,755.204464,756.651828,758.102353,759.547316,760.972134,762.389082,763.812891,765.263816,766.725264,768.187003,769.659352,771.18736,772.675792,774.140519,775.607409,777.071665,778.531206
0.00185276495018738,0.000949330920225755,0.000681848189009848,0.000570935350408197,0.000517050141046083,0.000488193882082211,0.000471619712159033,0.000461551327728182,0.000455132033050365,0.000450854876951956,0.000447883707506369,0.000445735002432723,0.000444119231877371,0.000442857714973099,0.000441837200005013,0.000440984163510239,0.000440249817867944,0.000439601128656042,0.000439015303144386,0.000438476335261839,0.000437972796913044,0.000437496400312876,0.000437041046295716,0.000436602184255674,0.000436176375154806,0.000435760988854561,0.000435353991580678,0.000434953794688386,0.000434559145672475,0.000434169048653121,0.000433782705683727,0.000433399472936857,0.000433018827651344,0.000432640342937107,0.000432263668393551,0.00043188851506093,0.000431514643639996,0.000431141855198769,0.000430769983787993,0.000430398890534311,0.000430028458886511,0.000429658590769044,0.000429289203451422,0.000428920226991591,0.000428551602136285,0.000428183278590621,0.000427815213586591,0.000427447370696887,0.000427079718845036,0.000426712231480719,0.00042634488588944,0.000425977662611876,0.000425610544958044,0.000425243518595186,0.000424876571201827,0.000424509692173558,0.000424142872375466,0.000423776103930296,0.000423409380039264,0.000423042694829512,0.00042267604322288,0.000422309420825995,0.000421942823834121,0.000421576248950561,0.000421209693316271,0.000420843154450345,0.000420476630198729,0.000420110118689809,0.000419743618296664,0.000419377127603537,0.000419010645379192,0.00041864417055093,0.000418277702184167,0.000417911239464885,0.000417544781682766,0.000417178328218304,0.000416811878530821,0.000416445432148693,0.000416078988659363,0.000415712547702674,0.000415346108963988,0.00041497967216797,0.000414613237074146,0.000414246803471796,0.000413880371176623,0.000413513940027643,0.000413147509883638,0.000412781080620706,0.00041241465213071,0.000412048224319062,0.000411681797102048,0.000411315370407284,0.000410948944170597,0.000410582518336033,0.000410216092854743,0.000409849667683204,0.000409483242783892,0.000409116818123723,0.000408750393673163,0.000408383969407344,0.000408017545303174,0.000407651121341557,0.000407284697504728,0.000406918273777812,0.000406551850147485,0.000406185426601979,0.000405819003130858,0.000405452579725463,0.000405086156377577,0.000404719733080539,0.000404353309827687,0.000403986886614138,0.000403620463435228,0.000403254040286294,0.000402887617164005,0.000402521194065253,0.000402154770986929,0.000401788347927035,0.000401421924882683,0.000401055501852765,0.000400689078834837,0.000400322655828012,0.000399956232830512,0.000399589809841672,0.000399223386860159,0.000398856963885086,0.000398490540915786,0.000398124117951815,0.000397757694992062,0.000397391272036307,0.000397024849083882,0.000396658426134566,0.000396292003188137,0.000395925580243928,0.000395559157301939,0.000395192734361727,0.000394826311423069,0.000394459888485965,0.000394093465550194,0.000393727042615533,0.000393360619681982,0.000392994196749319,0.000392627773817322,0.000392261350885992,0.000391894927955549,0.000391528505025551,0.000391162082095997,0.000390795659166887,0.000390429236238221,0.000390062813309999,0.000389696390381999,0.000389329967454444,0.00038896354452711,0.000388597121599998,0.000388230698673109,0.000387864275746441,0.000387497852819996,0.00038713142989355,0.000386765006967549,0.000386398584041547,0.000386032161115768,0.000385665738189989,0.000385299315264431,0.000384932892339096,0.000384566469413761,0.000384200046488425,0.000383833623563312,0.000383467200638421,0.000383100777713308,0.000382734354788639,0.000382367931863747,0.0003820015089393,0.000381635086014631,0.000381268663090184,0.000380902240165737,0.000380535817241512,0.000380169394317287,0.000379802971393062,0.000379436548469059,0.000379070125545056,0.000378703702621275,0.000378337279697272,0.000377970856773713,0.000377604433849932,0.000377238010926373,0.000376871588002814,0.000376505165079255,0.000376138742155918,0.000375772319232581,0.000375405896309466,0.000375039473386352,0.000374673050463237,0.000374306627540122,0.000373940204617229,0.000373573781694336,0.000373207358771444,0.000372840935848773,0.000372474512926102,0.000372108090003653,0.000371741667080983,0.000371375244158756,0.000371008821236307,0.000370642398314081,0.000370275975391854,0.000369909552469627,0.000369543129547623,0.000369176706625618,0.000368810283703613,0.000368443860781831,0.000368077437860048,0.000367711014938266,0.000367344592016483,0.000366978169094923,0.000366611746173584,0.000366245323252024,0.000365878900330685,0.000365512477409347,0.00036514605448823,0.000364779631567114,0.000364413208645997,0.000364046785724881,0.000363680362803986,0.000363313939883092,0.00036294751696242,0.000362581094041747,0.000362214671121075,0.000361848248200403,0.000361481825279952,0.000361115402359502,0.000360748979439274,0.000360382556518823,0.000360016133598595,0.000359649710678589,0.000359283287758361,0.000358916864838354,0.00035855044191857,0.000358184018998564,0.00035781759607878,0.000357451173159218,0.000357084750239434,0.000356718327319872,0.000356351904400531,0.000355985481480969,0.000355619058561629,0.000355252635642289,0.000354886212723171,0.000354519789804053,0.000354153366884935,0.000353786943966039,0.000353420521046921,0.000353054098128247,0.000352687675209351,0.000352321252290677,0.000351954829372003,0.000351588406453329,0.000351221983534877,0.000350855560616425,0.000350489137698196,0.000350122714779966,0.000349756291861736,0.000349389868943506,0.000349023446025498,0.00034865702310749,0.000348290600189483,0.000347924177271697,0.000347557754353911,0.000347191331436125,0.000346824908518562,0.000346458485600998,0.000346092062683434,0.000345725639766092,0.000345359216848751,0.000344992793931409,0.000344626371014289,0.00034425994809717,0.00034389352518005,0.00034352710226293,0.000343160679346033,0.000342794256429135,0.00034242783351246,0.000342061410595784,0.000341694987679109,0.000341328564762433,0.00034096214184598,0.000340595718929526,0.000340229296013295,0.000339862873097063,0.000339496450180832,0.0003391300272646,0.000338763604348591,0.000338397181432581,0.000338030758516572,0.000337664335600785,0.000337297912684997,0.00033693148976921,0.000336565066853645,0.000336198643938079,0.000335832221022514,0.000335465798107171,0.000335099375191827,0.000334732952276484,0.000334366529361363,0.000334000106446242,0.00033363368353112,0.000333267260616221,0.000332900837701322,0.000332534414786423,0.000332167991871524,0.000331801568956847,0.000331435146042169,0.000331068723127714,0.000330702300213259,0.000330335877298804,0.000329969454384349,0.000329603031470116,0.000329236608555883,0.000328870185641872,0.000328503762727639,0.00032813733981385,0.000327770916899839,0.00032740449398605,0.000327038071072261,0.000326671648158472,0.000326305225244905,0.000325938802331338,0.000325572379417771,0.000325205956504426,0.000324839533591081,0.000324473110677737,0.000324106687764614,0.000323740264851491,0.000323373841938368,0.000323007419025467,0.000322640996112566,0.000322274573199666,0.000321908150286765,0.000321541727374086,0.000321175304461407,0.000320808881548951,0.000320442458636494,0.000320076035724037,0.000319709612811803,0.000319343189899346,0.000318976766987111,0.000318610344075099,0.000318243921163086,0.000317877498251073,0.000317511075339061,0.00031714465242727,0.00031677822951548,0.000316411806603689,0.000316045383692121,0.000315678960780552,0.000315312537869206,0.000314946114957637,0.000314579692046291,0.000314213269135166,0.00031384684622382,0.000313480423312695,0.000313114000401793,0.000312747577490669,0.000312381154579766,0.000312014731668864,0.000311648308758183,0.000311281885847503,0.000310915462936823,0.000310549040026364,0.000310182617115906,0.000309816194205448,0.00030944977129499,0.000309083348384753,0.000308716925474517,0.000308350502564503,0.000307984079654267,0.000307617656744474,0.00030725123383446,0.000306884810924668,0.000306518388014876,0.000306151965105084,0.000305785542195514,0.000305419119285943,0.000305052696376595,0.000304686273467025,0.000304319850557677,0.000303953427648551,0.000303587004739203,0.000303220581830077,0.000302854158921173,0.000302487736012047,0.000302121313103143,0.000301754890194461,0.000301388467285557,0.000301022044376875,0.000300655621468193,0.000300289198559733,0.000299922775651273,0.000299556352742814,0.000299189929834576,0.000298823506926116,0.0002984570840181,0.000298090661109862,0.000297724238201846,0.000297357815293831,0.000296991392386037,0.000296624969478021,0.000296258546570449,0.000295892123662655,0.000295525700755084,0.000295159277847512,0.00029479285493994,0.000294426432032591,0.000294060009125241,0.000293693586217891,0.000293327163310764,0.000292960740403636,0.000292594317496508,0.000292227894589603,0.000291861471682697,0.000291495048775792,0.000291128625869108,0.000290762202962425,0.000290395780055741,0.00029002935714928,0.000289662934242818,0.000289296511336357,0.000288930088430117,0.000288563665523656,0.000288197242617638,0.000287830819711399,0.000287464396805381,0.000287097973899364,0.000286731550993569,0.000286365128087773,0.000285998705181978,0.000285632282276183,0.000285265859370609,0.000284899436465036,0.000284533013559685,0.000284166590654111,0.00028380016774876,0.000283433744843631,0.00028306732193828,0.000282700899033372,0.000282334476128243,0.000281968053223336,0.000281601630318429,0.000281235207413522,0.000280868784508836,0.000280502361604151,0.000280135938699466,0.000279769515794781,0.000279403092890318,0.000279036669986077,0.000278670247081614,0.000278303824177373,0.000277937401273132,0.000277570978369113,0.000277204555465094,0.000276838132561075,0.000276471709657056,0.000276105286753259,0.000275738863849684,0.000275372440945887,0.000275006018042312,0.000274639595138737,0.000274273172235162,0.000273906749331809,0.000273540326428456,0.000273173903525326,0.000272807480621973,0.000272441057718842,0.000272074634815933,0.000271708211913024,0.000271341789010116,0.000270975366107207,0.00027060894320452,0.000270242520301833,0.000269876097399147,0.000269509674496682,0.000269143251594217,0.000268776828691752,0.000268410405789288,0.000268043982887045,0.000267677559985025,0.000267311137082782,0.000266944714180761,0.000266578291278741,0.000266211868376942,0.000265845445475144,0.000265479022573345,0.000265112599671546,0.00026474617676997,0.000264379753868393,0.000264013330967039,0.000263646908065684,0.00026328048516433,0.000262914062262976,0.000262547639361843,0.000262181216460711,0.000261814793559578
